Trddt	ivol_lag_rank	ivol_lag	v_weight_ilag	avg_return	v_weight_return	crate	crate_lag	v_weight_crate	v_weight_crate_lag	avg_totalv
200802	0	0.0437627048	0.0432838493	0.0864211053	0.0894890845	0.2180727895	0.3147932105	0.2113871419	0.3136659915	26740967.198
200802	1	0.0971812868	0.0943562316	0.0515811	0.0387053271	0.2476879	0.47361795	0.1960521608	0.444679398	9521929.783
200802	2	0.1195945202	0.1191488173	0.06438975	0.0896994242	0.2911267	0.56771085	0.2651643714	0.5140795112	10959373.859
200802	3	0.1440673891	0.1444527226	0.06552245	0.070917892	0.34334	0.7275444	0.2978881296	0.5506350136	8509009.709
200802	4	0.1839015257	0.1747764513	0.11273655	0.0738583146	0.53798655	1.0135061	0.3331212715	0.8065164327	6013132.5435
200803	0	0.0305537639	0.0297894211	-0.209889842	-0.23224215	0.55181765	0.28583415	0.2624352745	0.2517298383	16062354.557
200803	1	0.0555814582	0.05413114	-0.225152286	-0.22374184	0.3649087143	0.269119	0.3008962545	0.2231967231	5361362.7267
200803	2	0.0814525862	0.0828993239	-0.214330524	-0.21810998	0.4198951905	0.2517284762	0.3439754826	0.2212384146	6583209.6905
200803	3	0.1074706192	0.1083743225	-0.220383286	-0.187633661	0.5056374762	0.4038438571	0.2932510453	0.2414556422	9724536.1743
200803	4	0.1465007301	0.1471564068	-0.208571238	-0.211529436	0.6057710476	0.5920408571	0.5295855013	0.4121329121	7987983.0424
200804	0	0.0408252589	0.0325742518	0.05128735	0.0756528783	0.3480527	0.3553307	0.3591157631	0.344994089	16337597.433
200804	1	0.0774936895	0.077454439	-0.039464667	-0.056890827	0.2986024762	0.3257669048	0.3082241606	0.2773785378	5702556.8724
200804	2	0.0934300618	0.092889706	-0.052506571	-0.075086863	0.3660431905	0.374635619	0.3945805314	0.3702471288	4937285.6462
200804	3	0.1145818103	0.1131245353	-0.005928571	-0.04381599	0.485755	0.4491287619	0.3894792057	0.3162803926	10029408.634
200804	4	0.261600662	0.1651477477	0.0059154762	0.1166946275	0.6362316667	0.9739623333	0.5062798135	0.4846255077	9290540.4176
200805	0	0.0421444076	0.0304625823	-0.06264945	-0.081794839	0.395472	0.3531348	0.3654285635	0.3498440695	14155588.876
200805	1	0.084008981	0.0835241913	-0.02532981	-0.05672173	0.476900381	0.312974381	0.3865637835	0.3131245813	6347770.6762
200805	2	0.1056312004	0.1042619552	-0.085520857	-0.091497127	0.3388945714	0.3344964762	0.3844505764	0.3650525649	6262224.5281
200805	3	0.1283621559	0.1275462712	0.0093548095	-0.042114631	0.7111077619	0.636172381	0.4229122133	0.4628422699	8790849.9581
200805	4	0.1709959955	0.1695251835	-0.02954155	-0.026993633	0.53337925	0.5164246	0.4607489123	0.5668117922	7272146.704
200806	0	0.0421656823	0.0355614177	-0.212144524	-0.223438699	0.2720626667	0.2945327143	0.2765040953	0.2992020671	12512639.873
200806	1	0.0900025864	0.0888452996	-0.253603727	-0.268676288	0.2570920455	0.3356590909	0.2135780378	0.2820822975	5775400.6623
200806	2	0.1117079584	0.1124503318	-0.212140333	-0.211689126	0.3279766667	0.4034388095	0.3676902185	0.3687194973	6916702.4086
200806	3	0.1431550098	0.1442394881	-0.232703727	-0.175055569	0.3668652273	0.4684760909	0.4447080772	0.5278511762	6564319.4859
200806	4	0.1861483037	0.1879552654	-0.257092048	-0.237866707	0.5351620952	0.9124054762	0.4629064693	0.7574124276	2435995.8767
200807	0	0.0349478744	0.0233902704	0.0696129524	0.0057442003	0.3817969048	0.2876294286	0.3473889027	0.3260967239	10213628.169
200807	1	0.0827432677	0.0770042546	0.0656794545	0.0270958477	0.3682549545	0.2516065	0.2663044918	0.2049928135	7773367.0223
200807	2	0.1065823043	0.1077014374	0.1103742727	0.0618699486	0.5659832727	0.3860757727	0.3557556285	0.3005799368	4764749.2091
200807	3	0.1279493081	0.1267473078	0.0923518182	0.0906770194	0.4285228182	0.2912675455	0.3616651029	0.1993989894	5400246.2482
200807	4	0.173968359	0.1820800664	0.0577875	0.0367389968	0.6544330909	0.5759704091	0.954648241	0.7251939533	5102486.0395
200808	0	0.0327848176	0.0327104327	-0.189297381	-0.18896868	0.2277245238	0.2069822381	0.2595256811	0.2508590838	10615231.262
200808	1	0.0740425337	0.0726623179	-0.191582955	-0.173719224	0.2120942727	0.3411593182	0.167149981	0.2580129965	3101595.0232
200808	2	0.0941711425	0.0946557581	-0.251274318	-0.253755731	0.2354305	0.4463652727	0.2069920925	0.3408722085	4214246.9855
200808	3	0.1232803403	0.1244994574	-0.266596136	-0.252463153	0.2408083636	0.4296267727	0.1992393696	0.3406396254	3690846.4777
200808	4	0.1662525312	0.1681386879	-0.241643048	-0.244473167	0.5026769524	0.9334605238	0.4662396786	0.9295801387	5231825.2214
200809	0	0.0363380945	0.0313898337	-0.074032143	-0.026720113	0.2385561905	0.228904381	0.2636144383	0.2593188327	8126530.2314
200809	1	0.0759420465	0.0762837507	-0.046607409	-0.038399416	0.2574542727	0.2026090909	0.2427145695	0.1803864063	3162630.4145
200809	2	0.0933929255	0.0916413342	-0.039449762	0.022743486	0.260384619	0.2197282381	0.2373548094	0.1921757445	3164461.1843
200809	3	0.1157453298	0.1169528668	-0.089173318	-0.059768815	0.2581528182	0.2782972727	0.2522847502	0.2367626718	4702469.0668
200809	4	0.1726567806	0.1711804051	-0.08941219	-0.04460426	0.5633009048	0.566849	0.4595243857	0.4558799123	5641031.281
200810	0	0.0405290315	0.0358716549	-0.184563048	-0.149341242	0.3061282381	0.2607372857	0.2768964905	0.2526287781	7157570.1029
200810	1	0.0790838031	0.0795568317	-0.267925619	-0.263550002	0.1603834762	0.1790709524	0.1415478948	0.1516171508	2693958.2176
200810	2	0.102067512	0.1048239275	-0.209665136	-0.29833479	0.3442472273	0.2899971818	0.415558674	0.3972653899	2021518.3609
200810	3	0.1319559421	0.1310420247	-0.251052905	-0.233442573	0.271040619	0.2551484286	0.2255924937	0.237640519	3178492.6505
200810	4	0.1848331902	0.1801414126	-0.235308857	-0.086400081	0.5978546667	0.6327080952	0.4029297438	0.450901114	4020126.6219
200811	0	0.042528841	0.0331619764	0.1561468095	0.126477661	0.399184381	0.2906430952	0.3798460081	0.3227653134	7239441.3871
200811	1	0.0833531799	0.0874529144	0.1584102857	0.1634600851	0.3881510476	0.1586917143	0.2632774775	0.1242556412	3044987.279
200811	2	0.1086573257	0.1050891411	0.1995716667	0.1678402283	0.51652	0.2387675238	0.5275149254	0.2819287925	4581152.6152
200811	3	0.1358220118	0.1331483668	0.1577725238	0.1472208946	0.4880669524	0.3205380952	0.4000306929	0.2572919804	4054872.6671
200811	4	0.1890663279	0.1989590186	0.1237282857	0.161126885	0.908095	0.6665209524	0.7425133251	0.5890256052	2722232.3019
200812	0	0.0508286856	0.038272678	0.0924389048	0.0653574975	0.4653563333	0.4068770476	0.4261282574	0.4422781315	9179759.3443
200812	1	0.1028964232	0.1042882331	0.0871196667	0.0356981567	0.6202653333	0.4098485238	0.4056432832	0.2683798732	3240224.8543
200812	2	0.12384674	0.125067684	0.0924041818	0.0831729888	0.6632776818	0.4657089091	0.488064233	0.3687092758	3649143.475
200812	3	0.1497588578	0.1481539072	0.1195446667	0.1649342085	0.8105999048	0.6233106667	0.7157078044	0.5140238953	3987107.3324
200812	4	0.1924460358	0.1876495369	0.0580538571	-0.020574423	0.9299577619	0.8597834286	0.7050530752	0.7341969227	3623009.3519
200901	0	0.0543630471	0.0485325667	0.1164652222	0.1043955528	0.362573	0.3765947778	0.3430702204	0.3617071979	12528458.506
200901	1	0.1436728738	0.1448181302	0.1499647368	0.1756254937	0.3445918421	0.4939284211	0.3308043743	0.433144655	5031876.5484
200901	2	0.1678387265	0.1681105425	0.1542545263	0.170023845	0.3252811053	0.5214341579	0.3220546515	0.5094728068	4003629.1684
200901	3	0.1862928973	0.185448096	0.1944272632	0.2752166463	0.4554302105	0.7838293158	0.4518000586	0.7041949934	4506621.0226
200901	4	0.2262839673	0.2340160014	0.2247798947	0.2430827383	0.6409660526	1.1262792105	0.5801856781	1.0255012234	2371039.1168
200902	0	0.0332081895	0.0257328787	0.0661672273	0.0633498421	0.6841762727	0.4804421818	0.6743962143	0.5469344685	9455119.5418
200902	1	0.063886913	0.0650983	0.0893977727	0.178350723	1.0386125	0.4189345455	0.756636011	0.2503380506	3868379.0673
200902	2	0.085734769	0.0871045726	0.0741398182	0.0373021888	0.9442726364	0.4731065	0.830326265	0.4584868153	5051176.3245
200902	3	0.1117806654	0.1134882717	0.0837187273	0.1124641801	0.8519230909	0.4635777273	0.7322220573	0.4327218215	5429319.9291
200902	4	0.1642852329	0.1573028102	0.0601974091	0.0690211704	1.0992204545	0.6892478636	1.016380913	0.6305008808	3901785.3777
200903	0	0.0399807658	0.0261879416	0.2126554545	0.1967249103	0.5731411818	0.6262319545	0.5333252339	0.5820931538	11465935.758
200903	1	0.089706268	0.0877980323	0.2567248636	0.2502425384	0.8127779545	0.8354251818	0.7424010516	0.7462214128	5137395.6014
200903	2	0.1162744389	0.1142661808	0.2427595	0.2408644112	0.68577	0.8557628636	0.4741177767	0.5917713284	6676633.1932
200903	3	0.1338091848	0.1339854412	0.2486253636	0.2517395733	0.7305106364	0.9304859091	0.6834127809	0.86165643	7038376.4895
200903	4	0.1771200537	0.172428654	0.2048050909	0.1993860489	1.0266607273	1.3041999545	0.8983168085	1.0942791699	6034395.6282
200904	0	0.0347130906	0.0287303369	0.0365440909	0.0093788785	0.6850180455	0.5290154091	0.6508898964	0.5478664751	14379983.248
200904	1	0.0756210075	0.0757492726	0.0833167273	0.063974538	0.8924809545	0.634931	0.6734830083	0.519889817	6411969.0164
200904	2	0.1002313551	0.102819592	0.0297438182	-0.016981944	0.7877689091	0.6703748636	0.6867138484	0.6577768784	4982143.4673
200904	3	0.1273667669	0.1266837083	0.0169708636	0.0292032922	0.9395259545	0.9351916818	0.7520520837	0.789428053	6464903.2359
200904	4	0.1598080786	0.1546884184	0.0219791818	0.0033318875	0.8746171364	1.0685904091	0.7401184037	0.8761955763	4777442.3577
200905	0	0.0364583651	0.0249538831	0.0518987273	0.0114528633	0.4884054545	0.5167408636	0.3888032798	0.4780427222	13089656.239
200905	1	0.0831504218	0.0844376448	0.1090345455	0.1283104787	0.6005779091	0.7366661818	0.5456344595	0.6289909963	4861616.64
200905	2	0.1049163027	0.1020593792	0.0307663182	0.0123723579	0.5545801818	0.830868	0.4237891269	0.6936334277	6299120.2918
200905	3	0.1298066805	0.128743734	0.0972764545	0.1066795734	0.7519011818	0.9612055	0.6506932217	0.8290031396	8533728.59
200905	4	0.1636059942	0.1599972624	0.0433229091	0.1026931404	0.6017035909	1.0283498636	0.5497078644	0.7557382574	6079289.7991
200906	0	0.0318961182	0.0258952709	0.0722762273	0.097816135	0.5423514091	0.4433973182	0.5199561088	0.4342827327	15442086.344
200906	1	0.0694905963	0.068687687	0.041349087	0.0609702196	0.5987921739	0.4830872174	0.6147605033	0.4763347025	7144094.0709
200906	2	0.090764919	0.0909895327	0.0133130455	0.0375111395	0.6361546364	0.6117283636	0.4832628862	0.467548361	8006915.3686
200906	3	0.110400274	0.1103242409	0.0819737826	0.1146557392	0.7608673478	0.6821777391	0.7794366186	0.7376627311	6432737.2517
200906	4	0.1493835676	0.1347013532	0.1255361818	0.2066263081	0.80058	0.8242841818	0.6119503369	0.5462158246	9218059.1736
200907	0	0.0343658199	0.0273973064	0.185428	0.2048048068	0.7857813182	0.5976904091	0.6181107233	0.5232944492	20209357.658
200907	1	0.0692861983	0.0697631877	0.1547432174	0.2440691878	1.0905544348	0.6802331304	0.8749941801	0.5832500919	6167946.193
200907	2	0.085357033	0.0842796158	0.1515967273	0.1995035072	0.9437466818	0.6373508636	0.8446751931	0.6859895052	8010029.0968
200907	3	0.107289881	0.106448792	0.1312415652	0.1583447425	0.8541392174	0.6644257391	0.7029288833	0.5468946764	10269457.044
200907	4	0.1653937238	0.1919275395	0.0811607273	0.0457219512	0.9355777273	0.8558446818	0.8869995719	0.7992787674	9013779.1077
200908	0	0.0398395423	0.0343085567	-0.1821155	-0.190861513	0.6177654545	0.7314018636	0.4497130935	0.4776162793	14621433.927
200908	1	0.0771138662	0.0780920067	-0.170904273	-0.191684736	0.5969654091	0.8456572727	0.4445914806	0.5885603213	7664935.2777
200908	2	0.0992682925	0.1023189412	-0.198371304	-0.262211277	0.6694957391	1.0227719565	0.6137422379	0.8084002303	7661877.5417
200908	3	0.1166650157	0.1152090777	-0.146328227	-0.139582616	0.674552	0.9258505455	0.7076436876	0.9925060889	4925540.3905
200908	4	0.1525812469	0.147950723	-0.174849136	-0.184003005	0.6543464091	0.9963753182	0.6723169026	0.9695114996	7405881.0177
200909	0	0.033794003	0.0259251949	0.0292252727	0.0153576791	0.6786328636	0.4940794545	0.4368307363	0.4161978387	13945915.974
200909	1	0.0844514786	0.0795751053	0.044534	0.0509873391	0.5680605217	0.5789583913	0.4607163757	0.4688847033	6357751.9613
200909	2	0.1036769344	0.1054224196	0.0366049091	0.0369147876	0.571017	0.5538106364	0.4994820432	0.497249567	6935065.6632
200909	3	0.1243083731	0.126269167	0.0395905217	0.0381606402	0.6452292609	0.6837276957	0.4614425153	0.557912803	9771784.7465
200909	4	0.1539959181	0.1517417274	0.0134397273	0.0077362707	0.7663297727	0.8320514091	0.6574354792	0.7585188784	6327775.0595
200910	0	0.0302087624	0.0287815605	0.1084569091	0.0815209306	0.3024962727	0.336863	0.2518531063	0.2827074506	17756651.322
200910	1	0.0691099679	0.0693102451	0.1135567273	0.0974249946	0.3307367273	0.4433755	0.2757838839	0.3733156862	8335132.95
200910	2	0.0927465773	0.0935116992	0.1184475909	0.1066126344	0.3665938182	0.5603965455	0.3724475519	0.595481193	8405908.3605
200910	3	0.1162579799	0.1170247532	0.0957698636	0.0956385573	0.4274874545	0.7126264545	0.4268604001	0.6494934008	5346050.83
200910	4	0.1548157879	0.1641887982	0.1329834545	0.0915368962	0.6597683636	1.0491379545	0.5079440903	0.8725138992	5999197.1464
200911	0	0.0256131465	0.0217945233	0.1560947727	0.1351667203	0.7376199545	0.4654109091	0.6141773964	0.4665140956	16607492.92
200911	1	0.048689215	0.0482369702	0.1473709091	0.1015363334	0.7950357273	0.3327356364	0.5825613441	0.2564081003	11427407.868
200911	2	0.0605068348	0.0602956784	0.131468913	0.1132277322	0.802460087	0.3556766522	0.6666252521	0.3350478456	8797496.697
200911	3	0.0770161828	0.0759851942	0.1531207727	0.1439248901	0.6826567273	0.3887932273	0.6367763577	0.3743302361	8440089.3732
200911	4	0.1142380045	0.1087062571	0.0784883182	0.0683623091	1.0297215455	0.7840389545	0.8860950346	0.6265700727	6668255.0427
200912	0	0.040560399	0.035853608	0.0201265455	0.0051864373	0.5529976818	0.4979231364	0.3519649549	0.4037904925	19755333.993
200912	1	0.0885671053	0.0883234607	0.0338526364	0.0059283818	0.7366492609	0.6282114348	0.5132404344	0.5981578367	8312611.223
200912	2	0.1068460817	0.1063701517	0.0227028261	0.0001971882	0.6640067826	0.8218031304	0.503116596	0.691098411	8447897.1174
200912	3	0.1245928714	0.1240305266	0.0654645217	0.0318128737	0.7466653478	0.8218744348	0.4746962654	0.576345568	6732897.1322
200912	4	0.1571409732	0.1545865122	0.0435117273	0.030496971	0.8666074783	1.0932785652	0.6323894908	1.0016520094	7279736.6996
201001	0	0.0356988086	0.032328946	0.0174951905	0.0016111713	0.4672163333	0.3965068095	0.3630142986	0.3435875286	19541892.367
201001	1	0.0692087642	0.0691848105	0.0129253636	0.0375074961	0.5603666818	0.5047752727	0.5754016277	0.4495328931	8366559.1364
201001	2	0.0942879493	0.093839538	-0.013607955	-0.019688676	0.7652405455	0.7000965	0.5976121879	0.5324246199	5854867.7073
201001	3	0.1091897413	0.1086562216	-0.004764864	-0.007882238	0.8148595455	0.9010031364	0.6553906318	0.7083487991	8027355.8445
201001	4	0.2280412465	0.1510627291	-0.040620182	-0.052597366	0.8139941818	1.1520132273	0.5960531598	0.6857616242	4650551.8118
201002	0	0.029212796	0.0268708724	0.0414262778	0.0407976635	0.1905247778	0.2563949444	0.1620097676	0.1973952691	22068231.393
201002	1	0.0692536178	0.0690876785	0.0512393684	0.0246170356	0.2320860526	0.4607967368	0.2067871753	0.5263026617	10917846.843
201002	2	0.0880219021	0.0887375515	0.0448197895	0.0372766044	0.3946137368	0.7669629474	0.3667212644	0.5982044124	8005960.3953
201002	3	0.1089956199	0.1084231523	0.0626246316	0.0732765548	0.3847081053	0.7936856316	0.2704165659	0.6290514871	4638768.92
201002	4	0.1418486085	0.1451802991	0.0758948421	0.108359771	0.6706436842	1.0703394211	0.5748203976	0.8195218765	6813946.7979
201003	0	0.0452691764	0.0427090458	0.0339913333	0.0056066613	0.4539340476	0.1991419524	0.2936963198	0.1689684078	13993704.048
201003	1	0.0636046745	0.0621926496	0.0607424091	0.0572050496	0.6460281364	0.3452724545	0.4914203391	0.2748852083	6813773.1132
201003	2	0.0826609044	0.0831966186	0.0152849048	0.002374623	0.4520086667	0.3311289048	0.3947846548	0.3181723365	10881324.38
201003	3	0.102992305	0.1028607518	0.0577645909	0.0233094407	0.8739589545	0.6071553182	0.5403704053	0.541401525	5735093.7405
201003	4	0.139052749	0.1410515244	0.0035212857	0.0066098871	0.6612078571	0.7131259524	0.5416802408	0.5612320819	8645945.2667
201303	0	0.0263347333	0.0229144823	-0.040261423	-0.017927057	0.2188772308	0.1929081154	0.2288669035	0.2197539863	15233389.502
201303	1	0.0487492708	0.0478070846	-0.039573308	-0.013186573	0.3103896923	0.2398844615	0.2949509688	0.183184955	9724066.2681
201303	2	0.0621468695	0.0613527396	-0.022905885	-0.03536231	0.4080336154	0.2600404231	0.3200236904	0.2442249124	6299909.2823
201303	3	0.0778717281	0.078646565	-0.035680769	0.014969003	0.4327801154	0.3001059615	0.3718775333	0.2478305875	8315919.3954
201303	4	0.1202958982	0.1212791857	-0.035402462	-0.051565432	0.4781446923	0.4261336923	0.3931394004	0.3447816297	7157649.4885
201304	0	0.0268056303	0.0215957038	-0.03733232	-0.05720031	0.15259	0.17970356	0.1509303515	0.1677471517	15672273.968
201304	1	0.0553286961	0.0562981336	-0.020448692	-0.020229306	0.1623408846	0.2324508462	0.1621834215	0.2195174017	7381776.1396
201304	2	0.0742147636	0.0749458329	-0.032066731	-0.014326998	0.2371396538	0.3783303846	0.1779363613	0.2774925678	7006947.1292
201304	3	0.0972007489	0.0978351795	-0.009262423	-0.042889623	0.2603954231	0.405981	0.2154018269	0.3614665114	7552107.1542
201304	4	0.1473866697	0.1437453575	-0.00623548	-0.01069148	0.41751424	0.60147628	0.3384914742	0.4894219588	7776051.45
201305	0	0.0257982381	0.0209301164	0.14206456	0.1278756571	0.28598668	0.2182104	0.2715761123	0.2310917399	16845336.168
201305	1	0.0512453863	0.0489955168	0.1457101538	0.1178070611	0.3506334231	0.1433938462	0.2698659187	0.1235083279	12161796.418
201305	2	0.0679039943	0.0698984396	0.2046779231	0.2072423979	0.4157226154	0.1954475769	0.3553556938	0.1896970757	9088854.085
201305	3	0.088594479	0.0889460117	0.2000140385	0.1952670994	0.5694794231	0.2776430769	0.4899072391	0.2530682522	8444955.0985
201305	4	0.123227322	0.125474309	0.2233938462	0.2496191389	0.7745318462	0.463544	0.8697932923	0.4803032279	5704460.2208
201306	0	0.0291955103	0.0270042773	-0.17549776	-0.161098714	0.1878982	0.21451396	0.1760898452	0.183525561	15941144.565
201306	1	0.062616568	0.065137704	-0.14489992	-0.142456017	0.24977808	0.31563656	0.1974505543	0.2549550624	6892038.7948
201306	2	0.0906946689	0.089249052	-0.162794577	-0.14417689	0.274183	0.4767452692	0.2154270188	0.3811151072	7262224.2008
201306	3	0.1173902414	0.1168025438	-0.15761728	-0.140643987	0.37559292	0.5992632	0.3427339759	0.5326837978	7252975.0332
201306	4	0.1541557429	0.1585288406	-0.16579076	-0.155758101	0.55866052	0.75298624	0.6064004013	0.750847885	7066615.1068
201307	0	0.028909098	0.0243322473	0.02686952	-0.024367941	0.2766122	0.21486868	0.2699338722	0.2363188892	12895391.204
201307	1	0.0562468324	0.0578560953	0.0615732692	0.0324231279	0.4739066154	0.2291316923	0.4014074933	0.2135933091	7212571.2462
201307	2	0.0782645718	0.0794417796	0.0736798846	0.0419495379	0.4182253077	0.2677152692	0.3106949504	0.2293160118	6517522.7512
201307	3	0.0995477005	0.0989661762	0.0720396538	0.0119208113	0.5844675	0.3334627308	0.467518556	0.2839471896	9305029.5435
201307	4	0.1523616138	0.1516761118	0.1345617692	0.1506255252	0.8557138846	0.6370330769	0.8780810004	0.6161093955	8850744.0577
201308	0	0.0341307165	0.0294147021	0.10162212	0.0751975785	0.28378904	0.22790184	0.2491421501	0.2258215263	16029649.368
201308	1	0.0796581293	0.0806938498	0.0886162692	0.0946882257	0.4566926923	0.3735127692	0.4025876097	0.3159045338	6610091.3223
201308	2	0.1033693056	0.1044772256	0.0786196538	0.0828249212	0.4045680769	0.3615848462	0.3441676275	0.324374285	10291786.092
201308	3	0.1254716197	0.1258091353	0.0475007692	0.0254669225	0.5411957692	0.6210613846	0.4828601231	0.5793995988	7936431.605
201308	4	0.1735407292	0.1799629349	0.0702481923	0.0670509548	0.8448319231	0.9769147308	0.9039518563	1.0730941854	7067882.915
201309	0	0.033365223	0.0292968839	0.03569256	0.0173211249	0.27973512	0.2696464	0.2328787938	0.2285277563	15031745.544
201309	1	0.0652335595	0.0629821442	0.0256783462	0.023714316	0.2901198462	0.3599959231	0.2668955605	0.2873188353	7194399.4273
201309	2	0.086404687	0.0870482641	0.07857836	0.0623764277	0.4159826	0.45206392	0.3372214366	0.3537255105	8651623.1308
201309	3	0.1061260742	0.1058502788	0.0473384231	0.0648753163	0.3734728846	0.4780096538	0.3125130171	0.4015315497	9765300.4877
201309	4	0.155056129	0.1561718363	0.0623518	0.098430792	0.686763	0.9671586	0.8181336399	1.1128507491	8179480.548
201310	0	0.0309631987	0.0269345015	0.01407836	0.0623638705	0.30234964	0.26177996	0.2931792317	0.261911104	15129978.156
201310	1	0.0579022371	0.0581784886	-0.00796536	0.0018296421	0.3063712	0.31994924	0.2204406682	0.2383018321	8964194.2104
201310	2	0.0760698825	0.0760296732	-0.0469914	-0.022086444	0.43179904	0.37890988	0.3701818339	0.3350094764	6464405.2072
201310	3	0.1016403474	0.1007453516	-0.037493	0.0351100538	0.38075484	0.43715272	0.3571259366	0.3492683612	10166199.776
201310	4	0.1473545575	0.1464853463	-0.0804524	-0.074112126	0.52592092	0.6844186	0.5134763895	0.6682633416	9445915.424
201311	0	0.0301179184	0.0257946416	0.0578474167	0.0301436678	0.30059	0.27564025	0.2714045663	0.2610175634	14913314.248
201311	1	0.0592072886	0.0598404638	0.05491236	0.0531209181	0.29526584	0.26247984	0.2467268706	0.1988057917	8826166.8464
201311	2	0.079823481	0.0813505857	0.08233775	0.1439094573	0.2708435833	0.2969950833	0.2866800559	0.2685311332	8994769.5637
201311	3	0.1067326589	0.1073757663	0.07324128	0.0889131625	0.39763464	0.5244772	0.4520736068	0.5294765778	6621238.9696
201311	4	0.158390872	0.1559552594	0.0854021667	0.0401027971	0.4754599167	0.616667875	0.417066045	0.535457568	12449690.229
201312	0	0.024984196	0.020642787	-0.04012772	-0.052728919	0.22712716	0.2253758	0.2312152553	0.2282602703	12812058.705
201312	1	0.0483740004	0.0482868826	0.0037882692	0.0060144426	0.2857633077	0.2102921154	0.2645976385	0.192071499	7915007.8042
201312	2	0.0679059444	0.0669041572	-0.03101516	-0.017297465	0.33214248	0.3436222	0.3507059665	0.3291830315	7350120.804
201312	3	0.0940353341	0.0925458184	-0.0223865	-0.014853586	0.3559858846	0.3680488077	0.3414118847	0.3409082297	8188012.145
201312	4	0.1444559886	0.1395678712	-0.09011	-0.104768946	0.47192544	0.61439896	0.3744161219	0.4922522288	12348166.923
201401	0	0.0267471557	0.0248418241	-0.03525944	-0.062386429	0.17890324	0.18265808	0.178596963	0.1849924546	14123304.137
201401	1	0.0523654642	0.0537572742	-0.021572154	-0.02683711	0.2566478462	0.2306101538	0.2623245088	0.2224326069	7326227.0446
201401	2	0.0702053666	0.0700375332	0.0247736154	0.0439501096	0.2660215769	0.2606026538	0.2375381737	0.2342387099	11041408.25
201401	3	0.0916632453	0.0929669291	0.0004378462	0.0183534395	0.3782293462	0.3801470385	0.3875497616	0.3679816158	7558898.8954
201401	4	0.1404150505	0.1417595271	0.0265773846	0.0318128533	0.4349003462	0.5866145385	0.5061861641	0.6001341447	9257156.5062
201402	0	0.0286077676	0.0243422763	0.03934764	0.0489643292	0.24394972	0.20044332	0.2373035758	0.2211927014	13347418.653
201402	1	0.052249291	0.0522387821	0.01437936	0.0317491328	0.28996572	0.19771484	0.240626467	0.1598457735	8972159.8552
201402	2	0.0698786356	0.070519047	0.05668344	0.0501195196	0.37502648	0.2243874	0.3915415902	0.241651078	6185409.7348
201402	3	0.0910870006	0.0921913249	0.03888444	0.0203618265	0.413045	0.3168686	0.3550338845	0.3018478195	8835279.142
201402	4	0.1408316974	0.1399534938	-0.00376892	-0.01344937	0.49311176	0.57891088	0.4229805154	0.5047852186	11966668.37
201403	0	0.027803512	0.0227954244	-0.01567088	-0.007026192	0.2470526	0.25568388	0.2233550091	0.2102421897	14040191.752
201403	1	0.0517613915	0.0518600152	-0.006346808	-0.001233444	0.2673921154	0.2724219615	0.2236006697	0.2225204932	9577628.535
201403	2	0.0715419061	0.0727930954	-0.01444556	-0.010836235	0.33952984	0.29047016	0.3185985094	0.266178704	7223901.5836
201403	3	0.0933742707	0.0940691372	-0.043530038	-0.006634966	0.4335224231	0.4219438077	0.4265141696	0.4007590771	8193276.0742
201403	4	0.1300516598	0.1287122372	-0.04027016	-0.04257439	0.50932056	0.53463352	0.3996744997	0.470651722	8982421.8944
201404	0	0.030813606	0.026606497	-0.02983944	-0.025076826	0.21522112	0.21823588	0.2132714106	0.216927058	18107826.31
201404	1	0.0585024956	0.0574215422	-0.011397385	-0.016282463	0.2888406154	0.258591	0.1936259379	0.2116608199	7086498.3277
201404	2	0.0789470677	0.0793606728	-0.010607962	0.0063939551	0.2597346538	0.3053906538	0.2553220936	0.2635783505	6996592.5315
201404	3	0.1071020757	0.1042021847	-0.011355923	0.0009277322	0.3458716154	0.3937879615	0.3194302984	0.3434240238	10759815.78
201404	4	0.149482291	0.1454602372	-0.03039048	-0.004370967	0.4249812	0.63345276	0.3727016611	0.5167788637	8981279.1348
201405	0	0.0251503971	0.0222040838	0.012424	0.0088269628	0.15845532	0.16981644	0.1571531198	0.1639378223	19164583.592
201405	1	0.0511121052	0.0532072621	0.0198472308	0.0178670335	0.1926341538	0.2313719231	0.1983447545	0.2143715326	6209009.9492
201405	2	0.0683372407	0.0689658402	0.04286912	0.0526613767	0.22362384	0.27145728	0.2207649442	0.267176359	9111460.512
201405	3	0.089236076	0.0862160296	0.0106463846	0.0263136952	0.2126063077	0.3520686923	0.1886901176	0.2956150515	7380599.6185
201405	4	0.1263865193	0.1270104696	0.015655	-0.00075249	0.31922116	0.49259496	0.2880194721	0.4180212669	11507228.968
201406	0	0.0190270166	0.0159945138	0.0147704	0.0105613095	0.15857084	0.14229364	0.1528614964	0.1384030828	18194638.378
201406	1	0.0397848146	0.0400734232	0.0527307692	0.0390045338	0.2520191923	0.1600620769	0.1964685445	0.1381692525	7040580.5312
201406	2	0.0537476652	0.0535828915	0.05187228	0.0416215143	0.33074576	0.20787568	0.3133335938	0.2224498128	8796537.6892
201406	3	0.069592004	0.068525607	0.0386723077	0.0606026787	0.3559963462	0.2729663462	0.3334274505	0.2558330211	9216143.2058
201406	4	0.1132178162	0.1142870895	-0.00825448	-0.013508864	0.34301692	0.35013956	0.3269013058	0.3407269933	10875345.314
201407	0	0.0182659945	0.0146286775	0.09936084	0.0865632177	0.3246784	0.18320944	0.2768144921	0.2198586604	16991119.267
201407	1	0.0359678735	0.0367829842	0.1084815385	0.0929343252	0.4747554615	0.1846987692	0.4227323734	0.1952030102	11690827.597
201407	2	0.052893842	0.0535979758	0.0938934	0.0746015444	0.41106476	0.20580104	0.3464240642	0.1897021867	10693538.681
201407	3	0.0730048602	0.0729511231	0.0603528846	0.0647204824	0.4148276538	0.2645064231	0.3424834894	0.2334473908	10174213.757
201407	4	0.1158802564	0.1162113601	0.02993688	0.0411188653	0.70844988	0.65729276	0.661238989	0.6194211439	8431754.5936
201408	0	0.0297200499	0.0267850199	0.03256704	0.0408871627	0.3830164	0.31644756	0.3721411871	0.3414726264	19559889.671
201408	1	0.0526906143	0.0538282789	0.0506698846	0.0524968998	0.4232602692	0.340208	0.3699867327	0.2848604926	7932992.1992
201408	2	0.0683526502	0.0675563554	0.0861031154	0.0985549073	0.5526449231	0.389939	0.5144899987	0.3337323883	11827384.224
201408	3	0.0867517967	0.0859850886	0.0576118846	0.0688538117	0.5215672692	0.4602037308	0.3921977082	0.3490553098	9735555.9104
201408	4	0.1395768671	0.1326958834	0.06088772	0.0472937269	0.76220568	0.87408168	0.6641815003	0.8065005216	9331690.792
201409	0	0.0250466102	0.0221380172	0.10348344	0.0969212506	0.43887864	0.35730176	0.4345755082	0.372696125	22906224.124
201409	1	0.0498449618	0.0509484599	0.1209869615	0.1167743772	0.5491481154	0.408258	0.4684359897	0.3651144003	9808230.9069
201409	2	0.0677708602	0.0674343107	0.1061994231	0.1271310127	0.5530851923	0.4454659231	0.4301031201	0.3469442702	8219053.8877
201409	3	0.0911804907	0.0910910145	0.1034051923	0.1146313435	0.6667265385	0.5835125769	0.6506397642	0.5009910369	11453953.74
201409	4	0.1412906453	0.1433912313	0.1214272692	0.1007436418	0.7346763462	0.8101798846	0.6424170203	0.7389669943	14910540.86
201410	0	0.0254507487	0.0220242603	0.0265449167	0.0333193816	0.3511581667	0.3618482083	0.3673584235	0.3644459649	20768373.672
201410	1	0.0493808756	0.0477008005	0.0179926	0.031124897	0.432446	0.52738884	0.4029994108	0.4672471031	14069049.768
201410	2	0.0655062155	0.0668723986	0.02253468	0.0011328275	0.50301732	0.58098828	0.4303771541	0.5348282862	10862194.646
201410	3	0.083583606	0.0845287638	0.00538612	0.0083563775	0.4366902	0.54074544	0.3632406595	0.4663961251	13508330.984
201410	4	0.1320105264	0.1321236102	0.01674684	0.0204475596	0.50180672	0.9102534	0.4981362149	0.8573662198	11509000.103
201411	0	0.0289330253	0.0271488772	0.11305372	0.1129420666	0.63276272	0.4351102	0.6291782335	0.4758383558	18108401.494
201411	1	0.0508891114	0.0509230363	0.05544584	0.0538775165	0.54196936	0.4141944	0.5219493443	0.3902065907	10585199.49
201411	2	0.0656033397	0.0648792329	0.0429286154	0.0705233226	0.5113542692	0.4307906923	0.5015852915	0.3784629665	13309527.355
201411	3	0.0837499882	0.0832642415	0.1106322	0.1641016172	0.5681388	0.44995548	0.5623940614	0.4417347865	11355777.907
201411	4	0.1219843227	0.1206005148	0.04938412	0.0379010002	0.5982984	0.59168152	0.4433041023	0.4668146847	11813634.983
201412	0	0.0378315758	0.0363584026	0.10565572	0.1994323343	0.91903444	0.70811388	1.0342575034	0.8621758889	28451978.471
201412	1	0.066222876	0.0659467974	0.0259844615	0.0646299699	0.6944218846	0.3967706923	0.6753884609	0.3484835214	14597416.72
201412	2	0.081669396	0.0814683507	0.0225569231	0.0536375546	0.7290321923	0.4631319231	0.7354052661	0.4324942076	12885961.47
201412	3	0.0988843525	0.1002355562	0.0042511154	0.0352541886	0.9235868077	0.639392	0.9767996366	0.6503261632	12603947.545
201412	4	0.1463343624	0.1426338101	0.05757304	0.1857772384	1.07528024	0.83093096	1.0899187027	0.7346990316	18130411.748
